272557
415426
397948
453591
399550
399549
330779
273063
410359
368408
190192
224325
272569
64091
309800
362976
416348
348780
339860
187420
243232
419665
410358
368407
456442
323259
259564
349307
188937
269797
192952
228908
186497
69014
263820
273116
575564
176299
240292
62928
198094
226186
283166
205913
203907
224911
563178
482957
565050
227941
194439
227377
165597
269798
159087
243164
243230
511145
190304
235909
663917
251221
290633
71421
235279
297245
281090
169963
156889
272627
265311
272631
242231
228410
279238
221109
243265
296591
242619
267747
208963
264198
349102
243090
211586
266834
282458
171101
100226
292459
91464
1080228
273068
197221
243274
262724
243276
203267
243277
292805
190486
214092
555217
104782
7160
180454
3702
6238
6239
353151
280699
7955
352472
7227
33169
9031
55529
9606
7897
420245
13616
10090
39947
9598
36329
10116
559292
284812
5911
296543
185431
8355
284591
1803500
662760
425595
1852841
1072681
1577684
1805424
1801881
414004
436308
1700835
374847
1538547
1841599
1706444
1841598
1776334
1803814
74969
